0 7.7921462059021
1 7.33785080909729
2 5.7088329792022705
3 5.641144752502441
4 5.294079065322876
5 4.817009210586548
6 4.543842792510986
7 4.552081346511841
8 4.101603746414185
9 3.897644281387329
10 4.043733358383179
11 4.068476915359497
12 4.222876310348511
13 3.332998752593994
14 3.634655475616455
15 3.612370491027832
16 3.4568488597869873
17 4.544821739196777
18 4.349330902099609
19 4.200428009033203
20 4.064949989318848
21 4.0156285762786865
22 4.8877646923065186
23 5.835063934326172
24 5.992299318313599
25 4.3861072063446045
26 5.429518938064575
27 4.240654945373535
28 3.464057445526123
29 3.4085307121276855
30 2.8613743782043457
31 2.9731006622314453
32 3.26200795173645
33 2.623142719268799
34 3.01192569732666
35 4.238565683364868
36 3.4396235942840576
37 3.5545735359191895
38 4.0140180587768555
39 4.702864170074463
40 4.966747522354126
41 3.905764102935791
42 3.604778289794922
43 2.982196092605591
44 3.2271499633789062
45 3.3110663890838623
46 3.534271717071533
47 4.883948564529419
48 3.7666537761688232
49 3.152571439743042
50 2.613797426223755
51 2.8029448986053467
52 3.9841468334198
53 3.601710081100464
54 3.5431723594665527
55 7.118774652481079
56 5.06486964225769
57 6.201426029205322
58 4.422451496124268
59 3.030461072921753
60 4.196820259094238
61 5.498184680938721
62 5.5025694370269775
63 4.5001866817474365
64 6.51877236366272
65 7.175862073898315
66 3.7327346801757812
67 2.933286428451538
68 3.6076321601867676
69 4.022686719894409
70 2.959538221359253
71 9.750439882278442
72 11.119799852371216
73 6.954687595367432
74 8.737184762954712
75 9.836454629898071
76 5.239319801330566
77 3.551957607269287
78 5.10477614402771
79 5.178250789642334
80 10.565731048583984
81 9.636291027069092
82 7.63733983039856
83 4.41226601600647
84 3.2020437717437744
85 4.252772092819214
86 4.516701936721802
87 5.281692743301392
88 9.794461965560913
89 14.961020231246948
90 14.569865942001343
91 13.357797622680664
92 11.971394300460815
93 12.63634204864502
94 9.637194395065308
95 14.6827232837677
96 15.542465448379517
97 15.365215539932251
98 14.391156196594238
99 15.844911336898804
100 15.765187978744507
101 13.412474155426025
102 11.75670051574707
103 12.456212997436523
104 12.76369571685791
105 12.559297561645508
106 12.124239921569824
107 10.562493801116943
108 11.419660091400146
109 13.196270227432251
110 10.422039031982422
111 9.658878087997437
112 8.276304483413696
113 10.061752080917358
114 11.666889905929565
115 11.614162921905518
116 10.571309566497803
117 9.039541244506836
118 8.745442390441895
119 9.170731782913208
120 9.257081270217896
121 8.860207319259644
122 9.342486143112183
123 9.254890441894531
124 7.90231990814209
125 5.266652345657349
126 10.404499530792236
127 10.727514743804932
128 10.577145338058472
129 12.885202884674072
130 10.684524774551392
131 11.092964172363281
132 13.330654621124268
133 11.023831844329834
134 8.764029502868652
135 6.644724607467651
136 4.357098817825317
137 4.75942850112915
138 8.158569812774658
139 9.473340511322021
140 8.80301022529602
141 8.67252516746521
142 8.466148138046265
143 10.321488380432129
144 8.516767263412476
145 9.642412662506104
146 9.349828720092773
147 11.524483680725098
148 9.155999898910522
149 9.66968035697937
150 7.451883792877197
151 9.01477336883545
152 5.351241827011108
153 3.8927249908447266
154 4.318708658218384
155 5.969022512435913
156 8.280535697937012
157 6.448988199234009
158 6.555188894271851
159 4.9035608768463135
160 5.814894437789917
161 7.723841905593872
162 5.249366283416748
163 4.071021795272827
164 4.972324848175049
165 5.199787139892578
166 4.108682155609131
167 4.138455629348755
168 3.279646396636963
169 4.330767631530762
170 4.7724878787994385
171 8.10359239578247
172 4.22843861579895
173 3.02893328666687
174 3.182999610900879
175 3.9084694385528564
176 4.524428606033325
177 4.11056113243103
178 4.359929800033569
179 3.713320255279541
180 2.5241570472717285
181 2.47635817527771
182 2.9419660568237305
183 5.505281448364258
184 5.427510738372803
185 5.1399986743927
186 5.4393274784088135
187 5.766107559204102
188 5.641915321350098
189 5.841905355453491
190 6.072848558425903
191 4.314939022064209
192 6.326211929321289
193 5.814423561096191
194 5.734080076217651
195 6.760196208953857
196 6.351562738418579
197 6.850484371185303
198 6.9043495655059814
199 6.296496152877808
200 6.705992221832275
201 6.122865676879883
202 7.107145309448242
203 6.076700448989868
204 6.289758205413818
205 5.856329917907715
206 7.232985496520996
207 6.732962608337402
208 5.382954359054565
209 4.172683477401733
210 3.4297940731048584
211 3.5891976356506348
212 3.0596349239349365
213 4.527733564376831
214 5.664071083068848
215 5.7367823123931885
216 5.906156778335571
217 6.200601816177368
218 6.042283773422241
219 5.629366636276245
220 5.768262147903442
221 6.010129451751709
222 6.024343013763428
223 5.767573833465576
224 6.525881767272949
225 6.109009504318237
226 6.01034140586853
227 6.395095109939575
228 6.515773296356201
229 6.462206125259399
230 3.715362787246704
231 3.4943971633911133
232 3.473890542984009
233 5.376246690750122
234 6.487188339233398
235 5.40720272064209
236 6.381314039230347
237 6.894668102264404
238 5.96119499206543
239 5.746197700500488
240 5.70370626449585
241 4.5581231117248535
242 4.740178108215332
243 5.489465236663818
244 5.999811887741089
245 6.445857048034668
246 8.247123003005981
247 5.829049348831177
248 5.724464654922485
249 5.8530614376068115
250 5.668169975280762
251 6.096729755401611
252 6.013979911804199
253 6.123931169509888
254 6.3039655685424805
255 6.136659622192383
256 6.83991551399231
257 6.5078325271606445
258 6.693668842315674
259 6.842045783996582
260 7.335219860076904
261 6.342452526092529
262 7.744268894195557
263 6.817399263381958
264 5.60968017578125
265 6.682259798049927
266 6.372495412826538
267 5.604629278182983
268 3.6828532218933105
269 4.893735408782959
270 4.623227596282959
271 7.022146463394165
272 9.644123554229736
273 7.729710102081299
274 6.4809348583221436
275 6.1333229541778564
276 5.191063642501831
277 5.290760040283203
278 4.126933336257935
279 4.296255826950073
280 4.219854116439819
281 4.005218267440796
282 4.0968828201293945
283 4.164921760559082
284 3.846724033355713
285 3.7647218704223633
286 3.6582837104797363
287 3.6141304969787598
288 3.3355040550231934
289 4.452324867248535
290 4.296467065811157
291 4.280546426773071
292 4.116835594177246
293 3.7172977924346924
294 5.3683202266693115
295 5.835769414901733
296 5.831125736236572
297 4.6572511196136475
298 5.298959493637085
299 4.37873649597168
300 3.6439695358276367
301 3.004631519317627
302 2.8436434268951416
303 4.2160985469818115
304 2.683232545852661
305 2.722689628601074
306 3.62809681892395
307 3.702186346054077
308 3.652839422225952
309 3.670231819152832
310 3.681673288345337
311 4.7201783657073975
312 4.902857065200806
313 3.9078986644744873
314 3.5528085231781006
315 2.963007926940918
316 3.3718271255493164
317 3.4137277603149414
318 3.415469169616699
319 4.833019733428955
320 4.109407663345337
321 2.6284725666046143
322 2.2780539989471436
323 3.1219990253448486
324 3.6356005668640137
325 3.2912437915802
326 4.093888998031616
327 6.809743404388428
328 4.952059745788574
329 5.693450212478638
330 4.2961931228637695
331 3.2970919609069824
332 4.284075736999512
333 5.954005479812622
334 4.937842130661011
335 5.779010534286499
336 6.754534482955933
337 7.366651773452759
338 4.200697898864746
339 2.794872760772705
340 4.048418760299683
341 4.281953811645508
342 3.2734758853912354
343 9.230628728866577
344 9.968410015106201
345 6.269707441329956
346 7.454289197921753
347 9.620156288146973
348 4.9898974895477295
349 3.6866888999938965
350 5.061974763870239
351 5.272282123565674
352 11.948144674301147
353 8.564633846282959
354 7.546371698379517
355 2.688157558441162
356 3.774754762649536
357 4.514466285705566
358 4.367656946182251
359 6.402242660522461
360 11.175845623016357
361 15.909562826156616
362 14.255070447921753
363 14.806534051895142
364 10.747547388076782
365 14.858772993087769
366 9.734013557434082
367 15.046058177947998
368 15.428176879882812
369 14.850223779678345
370 14.5462167263031
371 16.219196319580078
372 15.59183406829834
373 12.393613815307617
374 12.821370601654053
375 10.975423812866211
376 13.644762754440308
377 12.360629081726074
378 10.69019365310669
379 10.120426654815674
380 10.88508415222168
381 10.223011016845703
382 9.635063409805298
383 9.282840728759766
384 7.961608409881592
385 8.186215162277222
386 11.830499649047852
387 9.43787145614624
388 8.954094886779785
389 8.154301881790161
390 7.464393854141235
391 8.222695589065552
392 8.490460872650146
393 8.058300495147705
394 7.359304189682007
395 7.793243885040283
396 5.844121932983398
397 5.815741777420044
398 8.937182426452637
399 9.265909910202026
400 10.256282329559326
401 10.233186483383179
402 9.68880820274353
403 10.373680353164673
404 11.68374514579773
405 9.927103519439697
406 7.367171049118042
407 5.509220600128174
408 3.6572582721710205
409 4.4509782791137695
410 8.698866844177246
411 8.179592609405518
412 8.406017780303955
413 8.925521612167358
414 7.59694504737854
415 9.252265930175781
416 7.635532855987549
417 8.288069486618042
418 8.182201862335205
419 9.722600221633911
420 8.300407886505127
421 8.016057968139648
422 6.541338205337524
423 7.80483078956604
424 3.694324254989624
425 3.318695068359375
426 3.9453768730163574
427 7.169156789779663
428 6.064679384231567
429 5.606258153915405
430 4.631249189376831
431 4.640065670013428
432 4.877325534820557
433 5.639038801193237
434 4.313975095748901
435 3.5700130462646484
436 5.529830694198608
437 3.832014322280884
438 3.640702247619629
439 3.9901905059814453
440 2.7928454875946045
441 3.965768337249756
442 4.557560205459595
443 7.383147954940796
444 3.9763360023498535
445 2.941406011581421
446 3.6665539741516113
447 3.7058022022247314
448 4.532111644744873
449 3.519747257232666
450 5.3463075160980225
451 2.155867576599121
452 2.5096166133880615
453 2.6082897186279297
454 3.468881130218506
455 5.444743871688843
456 4.948170900344849
457 4.832546710968018
458 4.563038110733032
459 5.8361523151397705
460 5.158324718475342
461 6.042646646499634
462 5.298621416091919
463 4.841477632522583
464 5.503026962280273
465 5.7132568359375
466 5.493785858154297
467 5.899070501327515
468 5.473603963851929
469 8.220244646072388
470 5.867583751678467
471 6.187570571899414
472 5.7031025886535645
473 5.219940185546875
474 5.50853157043457
475 5.829585313796997
476 5.889371633529663
477 5.91391921043396
478 6.027495861053467
479 5.596188306808472
480 5.024852752685547
481 3.9364755153656006
482 3.4132115840911865
483 3.3621811866760254
484 3.601067066192627
485 4.8889312744140625
486 5.295491933822632
487 5.403184652328491
488 5.684884548187256
489 5.675942659378052
490 5.615703821182251
491 5.0417468547821045
492 5.339482069015503
493 6.165094375610352
494 5.383551597595215
495 5.252926826477051
496 6.155627965927124
497 5.453469753265381
498 5.552349805831909
499 6.2928478717803955
500 5.548456430435181
501 4.923149824142456
502 3.5345802307128906
503 3.584566354751587
504 3.28165340423584
505 5.716179132461548
506 5.548379182815552
507 5.2673656940460205
508 5.92963433265686
509 5.7202582359313965
510 6.034419059753418
511 5.213407039642334
512 4.696102142333984
513 4.762984037399292
514 4.630957841873169
515 5.439338207244873
516 5.661438941955566
517 5.713394641876221
518 7.2665488719940186
519 5.0308921337127686
520 5.201982498168945
521 5.368719100952148
522 5.571534872055054
523 5.369646787643433
524 6.200805425643921
525 6.1461169719696045
526 6.504744291305542
527 5.930885553359985
528 6.302305698394775
529 6.499634027481079
530 6.4993367195129395
531 6.1667773723602295
532 7.279748201370239
533 6.7559356689453125
534 6.554041147232056
535 5.928680658340454
536 5.088380575180054
537 5.088711738586426
538 4.745496034622192
539 4.707476377487183
540 3.396951675415039
541 4.86788272857666
542 3.9880826473236084
543 6.816695690155029
544 8.062587261199951
545 6.457828521728516
546 6.175458192825317
547 5.431181192398071
548 5.0383827686309814
549 5.063721179962158
550 4.8329010009765625
551 4.47728967666626
552 4.14084792137146
553 4.118417024612427
554 3.8297760486602783
555 4.241387605667114
556 3.69881272315979
557 3.7176260948181152
558 3.6006884574890137
559 3.3386943340301514
560 3.958298683166504
561 4.330952167510986
562 4.150649309158325
563 4.083865642547607
564 3.914700508117676
565 3.928738594055176
566 5.5528669357299805
567 5.370457410812378
568 5.383505821228027
569 4.376978158950806
570 5.5485920906066895
571 3.8511717319488525
572 3.5152647495269775
573 2.8715765476226807
574 3.0345101356506348
575 3.761237144470215
576 2.63390851020813
577 2.6236765384674072
578 3.677699089050293
579 3.4087331295013428
580 3.332411766052246
581 3.7394025325775146
582 3.4277563095092773
583 4.736785650253296
584 4.546759843826294
585 3.8225464820861816
586 3.172822952270508
587 3.546741485595703
588 3.024229049682617
589 3.359830141067505
590 4.925207138061523
591 3.813183307647705
592 3.7066707611083984
593 2.459918737411499
594 2.4398906230926514
595 3.125281572341919
596 3.3449599742889404
597 3.170264720916748
598 6.2618324756622314
599 5.568711042404175
600 4.51717209815979
601 5.4039177894592285
602 3.3914003372192383
603 3.7413876056671143
604 4.576982259750366
605 6.031614065170288
606 4.673493385314941
607 6.95939040184021
608 7.770634889602661
609 4.892940998077393
610 3.9500110149383545
611 2.6439812183380127
612 4.358947515487671
613 3.3256030082702637
614 7.967308521270752
615 7.848897695541382
616 9.467332601547241
617 9.38309645652771
618 6.6948041915893555
619 8.584517002105713
620 3.9264371395111084
621 5.025938034057617
622 5.627446413040161
623 5.501744508743286
624 12.074641942977905
625 8.060099124908447
626 6.209139108657837
627 2.4798877239227295
628 4.260615825653076
629 3.9009275436401367
630 4.487705230712891
631 7.606848955154419
632 12.747358322143555
633 15.52694034576416
634 13.883704423904419
635 13.423840761184692
636 10.234803915023804
637 13.018434762954712
638 11.800272464752197
639 13.731201887130737
640 14.522926807403564
641 12.971922159194946
642 14.09945821762085
643 13.829246520996094
644 15.127197504043579
645 10.999752283096313
646 11.573232173919678
647 11.393713235855103
648 13.794343948364258
649 9.989895105361938
650 10.31775975227356
651 9.614468574523926
652 9.813390016555786
653 9.148284673690796
654 9.413817644119263
655 8.229819774627686
656 8.041521072387695
657 10.568935632705688
658 10.7396080493927
659 9.742280960083008
660 7.8570122718811035
661 9.405000448226929
662 7.904348850250244
663 7.932143926620483
664 7.807658672332764
665 8.334271669387817
666 8.130696296691895
667 7.590566635131836
668 4.265310049057007
669 8.205893754959106
670 10.147497415542603
671 9.78065276145935
672 10.554667711257935
673 10.908224821090698
674 9.104653596878052
675 10.364322662353516
676 10.838202953338623
677 9.518847942352295
678 6.864047050476074
679 5.019917964935303
680 4.129159450531006
681 5.029071569442749
682 8.63361382484436
683 8.376988410949707
684 9.135294675827026
685 8.006954908370972
686 8.952509641647339
687 8.38189172744751
688 7.3221824169158936
689 8.06748080253601
690 9.251938104629517
691 9.064095258712769
692 7.752778053283691
693 7.003110885620117
694 6.3054773807525635
695 6.642161846160889
696 3.8976478576660156
697 3.067486047744751
698 4.509725570678711
699 8.96294093132019
700 5.361684799194336
701 5.991623401641846
702 4.934530019760132
703 4.498461484909058
704 6.279356002807617
705 4.949472188949585
706 3.8951220512390137
707 3.745633125305176
708 4.939674139022827
709 3.2661197185516357
710 3.778668165206909
711 3.5439670085906982
712 3.5096051692962646
713 4.518028736114502
714 7.863996744155884
715 6.791949272155762
716 3.7326741218566895
717 3.2066993713378906
718 3.933048963546753
719 4.551089286804199
720 4.644184350967407
721 3.817955732345581
722 4.6635870933532715
723 1.9313991069793701
724 2.568549394607544
725 3.2027339935302734
726 3.7685701847076416
727 5.07882022857666
728 4.093945026397705
729 5.81135892868042
730 4.919551849365234
731 6.205078840255737
732 5.803005933761597
733 5.78324556350708
734 5.217934608459473
735 5.005782842636108
736 6.152238130569458
737 5.737707853317261
738 5.951429128646851
739 6.497334957122803
740 6.2887983322143555
741 8.077712535858154
742 6.087153673171997
743 6.49578332901001
744 6.00249719619751
745 5.7308409214019775
746 5.987242221832275
747 6.239684581756592
748 5.756577253341675
749 6.521486520767212
750 6.192584991455078
751 5.64918327331543
752 4.814438819885254
753 3.8818109035491943
754 3.555752754211426
755 3.2043368816375732
756 3.7342400550842285
757 5.130538463592529
758 5.2812275886535645
759 5.49885892868042
760 6.270714521408081
761 5.899494409561157
762 5.782968044281006
763 5.61002779006958
764 6.255822658538818
765 5.681897878646851
766 5.607453346252441
767 5.908775806427002
768 5.786577939987183
769 5.690501928329468
770 5.877459526062012
771 6.244696617126465
772 5.956560850143433
773 4.246530055999756
774 3.3610923290252686
775 3.3255136013031006
776 3.5408284664154053
777 6.8727946281433105
778 5.441956996917725
779 5.898080825805664
780 5.976693391799927
781 6.416208028793335
782 6.441961050033569
783 5.945463418960571
784 4.752236604690552
785 4.709672451019287
786 4.972610712051392
787 5.328486442565918
788 6.177688121795654
789 7.257215261459351
790 6.875896215438843
791 5.797193288803101
792 5.868865728378296
793 5.478963136672974
794 5.566040754318237
795 5.770238161087036
796 5.781288146972656
797 6.391644239425659
798 6.5013673305511475
799 6.1631762981414795
800 7.197108030319214
801 6.805389642715454
802 7.289421081542969
803 6.9273681640625
804 7.197421550750732
805 6.869349241256714
806 7.122791528701782
807 5.837789058685303
808 5.5810651779174805
809 6.1227357387542725
810 5.503225088119507
811 4.825141668319702
812 3.7885985374450684
813 5.205228328704834
814 3.5959391593933105
815 9.12964391708374
816 9.20890760421753
817 7.404767990112305
818 6.6125428676605225
819 6.753337860107422
820 5.164546251296997
821 5.084391117095947
822 5.445277452468872
823 4.343925476074219
824 4.55758810043335
825 4.875330448150635
826 4.560586214065552
827 4.64141845703125
828 3.7932302951812744
829 4.451394319534302
830 3.9886510372161865
831 3.645404815673828
832 4.988640308380127
833 5.034456491470337
834 4.493113040924072
835 4.181036472320557
836 4.774512529373169
837 5.647957801818848
838 6.9202470779418945
839 6.074664831161499
840 5.22794246673584
841 5.57567834854126
842 5.496189832687378
843 3.737529754638672
844 4.195491552352905
845 2.7296433448791504
846 3.3499715328216553
847 3.721606492996216
848 2.6084139347076416
849 2.662574052810669
850 4.733619451522827
851 3.7517759799957275
852 3.6294045448303223
853 4.3021628856658936
854 4.42596960067749
855 5.632797002792358
856 5.029072523117065
857 3.8219592571258545
858 3.4280521869659424
859 3.7436184883117676
860 3.716923952102661
861 3.688145160675049
862 4.735917568206787
863 4.619257211685181
864 3.8792476654052734
865 3.038081645965576
866 3.125333547592163
867 3.7020857334136963
868 3.7327840328216553
869 3.6003265380859375
870 8.442170858383179
871 4.709931373596191
872 3.709653377532959
873 6.245368957519531
874 2.857562780380249
875 4.148103713989258
876 5.637452840805054
877 5.777466297149658
878 3.770172595977783
879 6.689882040023804
880 7.319690704345703
881 5.10182523727417
882 3.289322853088379
883 3.0814526081085205
884 4.493457794189453
885 3.0976722240448
886 8.611501693725586
887 9.53119421005249
888 7.4534831047058105
889 7.5634355545043945
890 10.962942838668823
891 6.525629043579102
892 3.6850907802581787
893 5.345454454421997
894 5.932551622390747
895 9.924161911010742
896 10.302952766418457
897 7.504725694656372
898 5.0313215255737305
899 3.3456618785858154
900 4.888282537460327
901 4.863267421722412
902 4.693120002746582
903 9.720507383346558
904 16.37424945831299
905 15.565180540084839
906 14.450478792190552
907 13.714772462844849
908 12.974821090698242
909 10.272526502609253
910 13.692929029464722
911 15.545653343200684
912 15.831176996231079
913 14.268745183944702
914 15.801254510879517
915 15.673123121261597
916 15.238331317901611
917 11.15170955657959
918 12.050664186477661
919 13.730357646942139
920 14.480019092559814
921 12.089361667633057
922 9.608598709106445
923 11.039917707443237
924 11.828872680664062
925 10.229522466659546
926 9.640897989273071
927 8.627768278121948
928 9.82973051071167
929 11.37644338607788
930 12.112120151519775
931 9.71233606338501
932 9.229846715927124
933 8.087324142456055
934 9.553235530853271
935 8.691890478134155
936 9.001986503601074
937 9.275251388549805
938 9.97759485244751
939 8.375999689102173
940 3.9359216690063477
941 10.370925188064575
942 9.67048692703247
943 9.418926477432251
944 12.211907386779785
945 10.577702045440674
946 10.24785327911377
947 10.75539755821228
948 10.68339228630066
949 9.373792171478271
950 6.237348794937134
951 4.077267169952393
952 4.403003454208374
953 8.159534454345703
954 9.260003805160522
955 8.906121015548706
956 9.39038872718811
957 8.188635349273682
958 10.289697408676147
959 8.242024183273315
960 9.530721664428711
961 8.811680793762207
962 9.798126697540283
963 8.624444007873535
964 8.683981895446777
965 7.006018877029419
966 7.537363052368164
967 5.201776504516602
968 3.9303555488586426
969 4.074283599853516
970 5.302185297012329
971 7.998912572860718
972 6.369657516479492
973 5.553619623184204
974 4.83419942855835
975 4.62043833732605
976 6.893798112869263
977 4.834918022155762
978 3.825479507446289
979 4.362887620925903
980 4.74563455581665
981 4.087459325790405
982 4.147661924362183
983 3.452316999435425
984 4.1929707527160645
985 4.787127494812012
986 8.94605827331543
987 4.415744781494141
988 3.61881947517395
989 3.626581907272339
990 4.0160510540008545
991 4.989037752151489
992 4.001269578933716
993 4.30344295501709
994 4.645416021347046
995 2.665466785430908
996 2.6739518642425537
997 3.292232036590576
998 5.649759531021118
999 5.864696502685547
1000 4.9453041553497314
1001 5.106476306915283
1002 6.239452838897705
1003 6.023130416870117
1004 5.2727885246276855
1005 5.862773895263672
1006 4.105892181396484
1007 5.707159757614136
1008 5.546954154968262
1009 5.555084228515625
1010 6.383363962173462
1011 5.814672470092773
1012 6.419020891189575
1013 6.76456356048584
1014 6.390007972717285
1015 6.152056455612183
1016 5.617791652679443
1017 6.600911855697632
1018 6.199569463729858
1019 6.417316198348999
1020 5.543772220611572
1021 6.634519577026367
1022 6.305066823959351
1023 5.802527666091919
1024 4.391199827194214
1025 3.296616554260254
1026 3.655574321746826
1027 3.0978221893310547
1028 4.428285121917725
1029 5.525164842605591
1030 5.851909875869751
1031 5.929494857788086
1032 5.9046735763549805
1033 6.4224748611450195
1034 5.827293157577515
1035 6.212270021438599
1036 6.182330131530762
1037 5.762554883956909
1038 6.226498126983643
1039 6.405662536621094
1040 6.242684841156006
1041 5.891469240188599
1042 6.85220193862915
1043 6.203986644744873
1044 6.480100870132446
1045 3.4220592975616455
1046 3.2896580696105957
1047 3.2580862045288086
1048 5.1014344692230225
1049 6.215833425521851
1050 5.181698322296143
1051 6.496367692947388
1052 6.186630487442017
1053 5.834591388702393
1054 6.439074516296387
1055 5.233851671218872
1056 4.613458871841431
1057 4.6141698360443115
1058 5.631011009216309
1059 5.406855344772339
1060 6.232184886932373
1061 8.709824085235596
1062 5.646068572998047
1063 5.792529344558716
1064 5.813024044036865
1065 5.609333753585815
1066 5.685919284820557
1067 5.849088668823242
1068 5.776747465133667
1069 6.312376260757446
1070 6.363500118255615
1071 7.112003803253174
1072 6.374728202819824
1073 6.81134557723999
1074 7.0285584926605225
1075 7.370814323425293
1076 7.0522425174713135
1077 6.844066381454468
1078 6.921691179275513
1079 5.4276368618011475
1080 6.085482835769653
1081 5.256137847900391
1082 5.649559259414673
1083 4.2535014152526855
1084 4.670982122421265
1085 4.079082012176514
1086 6.964057207107544
1087 9.855310678482056
1088 8.540831327438354
1089 6.467068195343018
1090 6.0083184242248535
1091 5.309548377990723
1092 5.302711009979248
1093 4.49568247795105
1094 5.4777915477752686
1095 4.323967218399048
1096 4.522536516189575
1097 4.417223691940308
1098 4.434803247451782
1099 3.7635297775268555
1100 4.01688551902771
1101 4.515033006668091
1102 3.447580337524414
1103 3.4674603939056396
1104 4.570768117904663
1105 4.227643966674805
1106 4.509120941162109
1107 4.413308620452881
1108 3.9498143196105957
1109 6.0305609703063965
1110 6.851102352142334
1111 6.329405307769775
1112 5.099822521209717
1113 6.152835369110107
1114 5.03731632232666
1115 3.6186389923095703
1116 3.4495022296905518
1117 2.896913528442383
1118 3.853809118270874
1119 3.309206485748291
1120 2.827285051345825
1121 3.462913751602173
1122 3.982682704925537
1123 3.772447109222412
1124 4.070282936096191
1125 4.198875427246094
1126 4.905927896499634
1127 5.9532294273376465
1128 4.490307807922363
1129 3.962080717086792
1130 3.607330322265625
1131 3.9443933963775635
1132 3.567533254623413
1133 3.7435574531555176
1134 5.0326337814331055
1135 3.8223814964294434
1136 3.3821871280670166
1137 2.6790504455566406
1138 3.210684061050415
1139 4.148237228393555
1140 3.549065589904785
1141 3.7357170581817627
1142 8.430991411209106
1143 4.817367076873779
1144 6.5862603187561035
1145 4.743709325790405
1146 3.124114751815796
1147 4.68194317817688
1148 6.232567310333252
1149 5.31369161605835
1150 4.7085816860198975
1151 5.903873682022095
1152 7.87229323387146
1153 3.713961124420166
1154 2.818603277206421
1155 3.487372875213623
1156 3.8852908611297607
1157 2.8810205459594727
1158 10.17486047744751
1159 9.580809593200684
1160 6.436334609985352
1161 7.82670259475708
1162 10.305343866348267
1163 5.619354248046875
1164 3.4960100650787354
1165 5.108017206192017
1166 5.383700370788574
1167 12.366234064102173
1168 9.704551219940186
1169 8.779293775558472
1170 2.771127223968506
1171 3.6050446033477783
1172 4.443047523498535
1173 4.852386236190796
1174 5.99467134475708
1175 10.170493602752686
1176 16.344667673110962
1177 15.764344692230225
1178 14.649118185043335
1179 11.483496904373169
1180 13.080391645431519
1181 8.853599548339844
1182 15.43004846572876
1183 15.622286558151245
1184 14.593300819396973
1185 14.863418579101562
1186 15.494331121444702
1187 15.254017114639282
1188 13.429908037185669
1189 11.98423171043396
1190 11.20693564414978
1191 13.372997760772705
1192 12.677347421646118
1193 12.228931427001953
1194 10.881841897964478
1195 11.28432846069336
1196 10.260586500167847
1197 9.157564640045166
1198 9.616569519042969
1199 7.004229545593262
1200 9.60846734046936
1201 10.716012477874756
1202 10.23732304573059
1203 9.804790496826172
1204 8.523523330688477
1205 7.964338302612305
1206 9.013076066970825
1207 8.835079908370972
1208 8.960169792175293
1209 8.96506667137146
1210 8.387423276901245
1211 6.777658700942993
1212 5.376598358154297
1213 10.32103967666626
1214 10.155982732772827
1215 10.589723587036133
1216 10.925798177719116
1217 9.383515119552612
1218 11.580925226211548
1219 11.193289995193481
1220 10.0918288230896
1221 8.191299438476562
1222 5.637568950653076
1223 3.8344295024871826
1224 4.782416343688965
1225 8.766051530838013
1226 8.160816431045532
1227 9.539087295532227
1228 9.016544818878174
1229 8.183058261871338
1230 9.118631362915039
1231 8.519688129425049
1232 8.770092964172363
1233 8.696477174758911
1234 9.839287042617798
1235 8.753406047821045
1236 8.537849187850952
1237 6.793331861495972
1238 7.262599229812622
1239 4.022538423538208
1240 3.3390774726867676
1241 4.12131404876709
1242 7.461167812347412
1243 6.8326194286346436
1244 5.414744138717651
1245 5.634500503540039
1246 5.056154251098633
1247 5.457900047302246
1248 5.986104965209961
1249 4.382363796234131
1250 3.8170037269592285
1251 5.2711896896362305
1252 4.288917064666748
1253 3.805535316467285
1254 4.416752338409424
1255 3.0078723430633545
1256 4.107906341552734
1257 4.748107671737671
1258 7.511723041534424
1259 3.9642410278320312
1260 3.1376595497131348
1261 3.4727799892425537
1262 3.7013237476348877
1263 4.472452640533447
1264 3.425147533416748
1265 5.024370908737183
1266 2.32558274269104
1267 2.7432284355163574
1268 2.723548650741577
1269 3.4178640842437744
1270 5.455352783203125
1271 4.636019945144653
1272 4.466191291809082
1273 4.474630832672119
1274 5.702800989151001
1275 5.389794111251831
1276 5.9656994342803955
1277 5.309488773345947
1278 4.922202825546265
1279 5.295835733413696
1280 5.563723564147949
1281 5.794996500015259
1282 6.17543888092041
1283 5.553685665130615
1284 9.114078521728516
1285 5.310965538024902
1286 5.964414119720459
1287 6.380331754684448
1288 5.835409879684448
1289 6.1446051597595215
1290 6.246735095977783
1291 6.644848108291626
1292 6.344156980514526
1293 5.7345664501190186
1294 6.103580951690674
1295 5.210604667663574
1296 3.8330681324005127
1297 3.921433925628662
1298 3.4305238723754883
1299 3.7580816745758057
1300 4.8778252601623535
1301 6.264808177947998
1302 5.831907272338867
1303 5.51612114906311
1304 6.441246509552002
1305 5.844754695892334
1306 6.78547477722168
1307 5.094022274017334
1308 6.310863733291626
1309 5.162403583526611
1310 6.637197017669678
1311 6.013343811035156
1312 6.1492509841918945
1313 5.631777763366699
1314 6.203333139419556
1315 5.7866175174713135
1316 4.965293884277344
1317 3.946441173553467
1318 3.2792255878448486
1319 3.55876088142395
1320 6.008332252502441
1321 5.64443826675415
1322 5.050499200820923
1323 6.56294584274292
1324 5.788503885269165
1325 5.9782187938690186
1326 5.82961106300354
1327 4.917790174484253
1328 4.52454137802124
1329 5.105607509613037
1330 5.127809524536133
1331 5.662377595901489
1332 5.999475955963135
1333 8.000640392303467
1334 5.637977600097656
1335 5.516005992889404
1336 5.430199384689331
1337 5.300975561141968
1338 5.212315559387207
1339 5.749755144119263
1340 5.808678150177002
1341 6.364867687225342
1342 6.07394814491272
1343 6.269097566604614
1344 6.667022466659546
1345 6.454058408737183
1346 6.550779581069946
1347 7.014983654022217
1348 6.533913850784302
1349 6.850142478942871
1350 6.377536773681641
1351 6.310440540313721
1352 5.279067754745483
1353 5.985408544540405
1354 5.141960382461548
1355 3.376915693283081
1356 5.255501985549927
1357 3.5338549613952637
1358 8.24890947341919
1359 8.483174562454224
1360 7.071687936782837
1361 5.965683221817017
1362 5.460519552230835
1363 5.1863181591033936
1364 4.790202617645264
1365 4.5361480712890625
1366 4.914481163024902
1367 4.471744537353516
1368 4.334016799926758
1369 4.098106145858765
1370 4.227281332015991
1371 4.0179853439331055
1372 3.7029528617858887
1373 3.695361375808716
1374 3.24143648147583
1375 3.9256644248962402
1376 4.536511182785034
1377 4.2860753536224365
1378 4.105010986328125
1379 3.8445181846618652
1380 3.7401301860809326
1381 5.289344549179077
1382 5.8047401905059814
1383 5.065536975860596
1384 5.046041965484619
1385 5.212443590164185
1386 4.206406593322754
1387 3.79461669921875
1388 2.8362302780151367
1389 3.244401693344116
1390 3.8639771938323975
1391 2.824681043624878
1392 2.7273595333099365
1393 3.585419178009033
1394 3.8362741470336914
1395 3.574246644973755
1396 3.758739709854126
1397 3.7974345684051514
1398 5.051263093948364
1399 5.189526319503784
1400 4.292623281478882
1401 3.46736478805542
1402 3.5524308681488037
1403 3.2183165550231934
1404 3.8327460289001465
1405 5.105440378189087
1406 4.146391153335571
1407 3.6804299354553223
1408 2.5876200199127197
1409 2.6713266372680664
1410 3.396908760070801
1411 3.3357644081115723
1412 2.9215502738952637
1413 3.7681241035461426
1414 6.185424566268921
1415 4.624330282211304
1416 5.89368200302124
1417 3.864039659500122
1418 3.593385696411133
1419 4.549450159072876
1420 6.486031532287598
1421 4.198517322540283
1422 5.8902506828308105
1423 7.194537878036499
1424 6.549594402313232
1425 4.120040416717529
1426 2.2817695140838623
1427 4.004096269607544
1428 3.562194347381592
1429 8.416965246200562
1430 9.829732179641724
1431 10.400326490402222
1432 5.554095029830933
1433 10.00754714012146
1434 9.54856824874878
1435 3.9779152870178223
1436 4.243783712387085
1437 5.998358964920044
1438 5.6104583740234375
1439 12.111055135726929
1440 7.5450685024261475
1441 6.777953863143921
1442 2.4259634017944336
1443 4.422518968582153
1444 4.309986591339111
1445 4.399183034896851
1446 7.844078779220581
1447 14.171257019042969
1448 15.509289026260376
1449 15.313186407089233
1450 16.02327561378479
1451 9.005584239959717
1452 13.569342136383057
1453 12.380537271499634
1454 14.91528582572937
1455 16.743698358535767
1456 14.078717231750488
1457 16.409916400909424
1458 15.489081144332886
1459 15.867809295654297
1460 10.589519500732422
1461 12.430952548980713
1462 12.545511245727539
1463 13.94653582572937
1464 11.898837566375732
1465 11.927771806716919
1466 11.072950601577759
1467 11.441733360290527
1468 10.037212610244751
1469 9.961113452911377
1470 8.8655526638031
1471 8.192534446716309
1472 11.197967052459717
1473 11.023569107055664
1474 10.543533563613892
1475 9.174954175949097
1476 9.460445404052734
1477 9.15446162223816
1478 9.484815120697021
1479 9.08585810661316
1480 8.42417049407959
1481 8.278270721435547
1482 8.368786811828613
1483 4.856436729431152
1484 7.698764324188232
1485 10.316203594207764
1486 9.965225219726562
1487 10.208766460418701
1488 11.083462476730347
1489 10.193461179733276
1490 11.402930974960327
1491 11.072957992553711
1492 9.652351140975952
1493 7.044018745422363
1494 5.040843963623047
1495 4.171803951263428
1496 5.027662754058838
1497 8.548581838607788
1498 8.398852586746216
1499 9.275604486465454
1500 8.477219820022583
1501 8.753396272659302
1502 8.816275596618652
1503 7.944554567337036
1504 8.466007232666016
1505 9.621407985687256
1506 8.936176300048828
1507 8.904586791992188
1508 6.958494424819946
1509 6.8253867626190186
1510 6.678892612457275
1511 4.472505807876587
1512 3.182370901107788
1513 4.695400714874268
1514 8.108800649642944
1515 5.65827202796936
1516 6.302759885787964
1517 5.082674980163574
1518 4.700831174850464
1519 6.3481903076171875
1520 5.315176486968994
1521 4.132176637649536
1522 4.342850685119629
1523 5.09713888168335
1524 3.812269926071167
1525 3.824805736541748
1526 3.409627914428711
1527 3.5326485633850098
1528 4.970354080200195
1529 8.6514413356781
1530 6.368203639984131
1531 3.8492190837860107
1532 3.248723268508911
1533 4.514364004135132
1534 4.608349323272705
1535 4.810266733169556
1536 3.979469060897827
1537 4.7543370723724365
1538 1.8931598663330078
1539 2.3268556594848633
1540 3.2216684818267822
1541 4.138645887374878
1542 5.227372646331787
1543 4.064779996871948
1544 6.0886406898498535
1545 5.19268798828125
1546 6.117873907089233
1547 5.664121627807617
1548 5.8428661823272705
1549 5.097401857376099
1550 5.426625967025757
1551 5.523039102554321
1552 6.466562747955322
1553 6.588280200958252
1554 5.900284051895142
1555 5.77746319770813
1556 6.8639209270477295
1557 6.061183452606201
1558 6.66354775428772
1559 5.66348123550415
1560 5.869970798492432
1561 6.511622667312622
1562 6.240616321563721
1563 5.816803932189941
1564 6.222567081451416
1565 5.964761972427368
1566 6.105295181274414
1567 4.427434682846069
1568 4.0481016635894775
1569 4.083600282669067
1570 3.0434110164642334
1571 4.218471050262451
1572 4.735880136489868
1573 5.337504148483276
1574 4.8272974491119385
1575 5.519148349761963
1576 5.995922803878784
1577 5.706658601760864
1578 5.39512825012207
1579 6.09857439994812
1580 5.543881416320801
1581 5.6281468868255615
1582 5.784208536148071
1583 5.753272533416748
1584 5.58253288269043
1585 6.079131364822388
1586 6.4198994636535645
1587 5.819129943847656
1588 3.9855740070343018
1589 3.73215913772583
1590 3.345992088317871
1591 3.4438388347625732
1592 6.435096263885498
1593 5.69107460975647
1594 5.8920440673828125
1595 5.680222272872925
1596 6.446027517318726
1597 5.7358198165893555
1598 5.296339511871338
1599 4.818871259689331
1600 4.7906975746154785
1601 4.785011053085327
1602 5.202131986618042
1603 6.076875686645508
1604 6.111047029495239
1605 6.688122034072876
1606 5.669226408004761
1607 5.4493937492370605
1608 5.44445538520813
1609 5.3573503494262695
1610 5.738556623458862
1611 5.994030475616455
1612 6.125696420669556
1613 6.482882499694824
1614 6.076327085494995
1615 5.972660064697266
1616 6.818617105484009
1617 6.282731294631958
1618 6.507157802581787
1619 6.871350526809692
1620 6.949309349060059
1621 6.841933250427246
1622 5.309657573699951
1623 6.487039089202881
1624 5.278385162353516
1625 5.1652610301971436
1626 4.428806304931641
1627 3.623030185699463
1628 4.936193466186523
1629 3.927018642425537
1630 8.780116558074951
1631 8.271663665771484
1632 6.37183690071106
1633 5.704366207122803
1634 5.193056583404541
1635 5.048516273498535
1636 4.264134168624878
1637 4.771715402603149
1638 4.27213716506958
1639 4.514098644256592
1640 4.252559661865234
1641 3.900026798248291
1642 4.418555736541748
1643 3.6796088218688965
1644 3.570777654647827
1645 3.9425528049468994
1646 3.4451935291290283
1647 4.170968532562256
1648 4.313259124755859
1649 4.886621952056885
1650 3.897678852081299
1651 4.193657875061035
1652 4.606793165206909
1653 5.668920278549194
1654 5.741086721420288
1655 5.064964294433594
1656 4.779963254928589
1657 5.4279444217681885
1658 3.685560464859009
1659 3.756101608276367
1660 3.0751962661743164
1661 3.253122329711914
1662 3.4836862087249756
1663 2.6375732421875
1664 2.547344923019409
1665 4.024182081222534
1666 3.6912755966186523
1667 3.6250252723693848
1668 3.9454874992370605
1669 4.055536985397339
1670 4.853999137878418
1671 5.551198244094849
1672 3.704012870788574
1673 3.098825693130493
1674 3.8339030742645264
1675 3.409642219543457
1676 3.766812801361084
1677 5.43316388130188
1678 4.27360200881958
1679 3.750697374343872
1680 2.6853413581848145
1681 3.1382877826690674
1682 3.593304395675659
1683 3.718411445617676
1684 3.5370285511016846
1685 7.676193475723267
1686 5.685181617736816
1687 3.7877917289733887
1688 6.446134567260742
1689 3.877142906188965
1690 3.858647346496582
1691 4.84653902053833
1692 7.703078508377075
1693 4.3078789710998535
1694 7.473066806793213
1695 8.243942975997925
1696 4.3740222454071045
1697 3.720705032348633
1698 2.5654592514038086
1699 4.2126734256744385
1700 3.409855365753174
1701 8.577951192855835
1702 10.441355466842651
1703 8.567282676696777
1704 8.86746883392334
1705 9.787795543670654
1706 8.372055530548096
1707 3.8400182723999023
1708 4.388908624649048
1709 5.610601902008057
1710 5.74068021774292
1711 11.348466157913208
1712 7.201337099075317
1713 5.851397514343262
1714 2.7036519050598145
1715 4.0355610847473145
1716 4.6138389110565186
1717 4.357585430145264
1718 9.336760520935059
1719 14.786914110183716
1720 16.857399940490723
1721 14.613759756088257
1722 15.016279458999634
1723 12.30441927909851
1724 11.320656776428223
1725 12.006671667098999
1726 15.870852708816528
1727 15.980628490447998
1728 13.979388236999512
1729 16.937243461608887
1730 16.152979850769043
1731 16.341778993606567
1732 11.722874879837036
1733 13.139395236968994
1734 12.928940057754517
1735 16.199263334274292
1736 10.861832618713379
1737 10.30793285369873
1738 9.744470596313477
1739 10.94953179359436
1740 9.90581226348877
1741 9.02517294883728
1742 7.601017713546753
1743 8.55190134048462
1744 10.94659423828125
1745 11.514976501464844
1746 10.235019445419312
1747 8.641618728637695
1748 8.331326484680176
1749 7.902134656906128
1750 9.06917119026184
1751 9.352581977844238
1752 9.048587560653687
1753 8.889160871505737
1754 7.6628477573394775
1755 4.523552179336548
1756 9.263821125030518
1757 9.82249641418457
1758 10.322649002075195
1759 9.27934718132019
1760 11.026366949081421
1761 9.609851121902466
1762 11.7225661277771
1763 10.720248460769653
1764 9.415840148925781
1765 6.406991481781006
1766 4.048604726791382
1767 4.354902029037476
1768 7.274251222610474
1769 9.022953033447266
1770 8.606791734695435
1771 8.630468130111694
1772 8.058517694473267
1773 9.282204627990723
1774 7.999586820602417
1775 7.585803031921387
1776 8.387215375900269
1777 10.11406397819519
1778 9.150459289550781
1779 8.642156839370728
1780 5.969228267669678
1781 7.600900888442993
1782 5.856149435043335
1783 3.7657155990600586
1784 3.179852247238159
1785 5.452499628067017
1786 8.146056413650513
1787 5.888538360595703
1788 6.144365072250366
1789 5.046105623245239
1790 4.980153799057007
1791 7.046597719192505
1792 5.9130167961120605
1793 4.020527362823486
1794 3.7408812046051025
1795 5.366384744644165
1796 4.124272346496582
1797 3.9803147315979004
1798 3.976902484893799
1799 3.5941638946533203
1800 5.243264198303223
1801 8.734358072280884
1802 4.75069522857666
1803 3.7388458251953125
1804 3.150489330291748
1805 3.8425872325897217
1806 4.945678234100342
1807 3.8066561222076416
1808 3.4764177799224854
1809 4.476780652999878
1810 2.539527177810669
1811 2.3587000370025635
1812 3.110565662384033
1813 4.300729036331177
1814 5.191960334777832
1815 4.729947805404663
1816 5.45500373840332
1817 5.614607095718384
1818 5.929343223571777
1819 5.524279594421387
1820 5.885773658752441
1821 4.9386887550354
1822 5.163236141204834
1823 5.6985764503479
1824 5.535458087921143
1825 6.109821081161499
1826 6.0795581340789795
1827 6.1744091510772705
1828 8.151658058166504
1829 6.016145944595337
1830 5.732036113739014
1831 5.64522647857666
1832 5.799659967422485
1833 5.675035715103149
1834 6.037553548812866
1835 5.607245445251465
1836 6.3315324783325195
1837 6.020731687545776
1838 5.973357200622559
1839 4.814929962158203
1840 3.369706630706787
1841 3.820241928100586
1842 3.078359603881836
1843 4.195602655410767
1844 5.136756658554077
1845 5.826860427856445
1846 5.515990495681763
1847 5.964300870895386
1848 5.908599138259888
1849 5.779740333557129
1850 5.782408237457275
1851 5.948411464691162
1852 5.628606081008911
1853 6.312566757202148
1854 6.401913166046143
1855 5.784144163131714
1856 5.786253929138184
1857 6.0915586948394775
1858 5.794307470321655
1859 5.556121826171875
1860 3.930443048477173
1861 3.318114757537842
1862 3.1370975971221924
1863 4.291167736053467
1864 6.492641925811768
1865 5.385653495788574
1866 6.089591026306152
1867 5.882465839385986
1868 5.924185752868652
1869 5.982343435287476
1870 5.52893328666687
1871 4.527362823486328
1872 5.140217304229736
1873 4.917022705078125
1874 6.1479058265686035
1875 6.183300495147705
1876 8.659661769866943
1877 5.933574438095093
1878 6.283330917358398
1879 5.953194856643677
1880 5.4848151206970215
1881 5.7713141441345215
1882 6.381033420562744
1883 6.3095622062683105
1884 7.088026285171509
1885 6.083758354187012
1886 6.272257566452026
1887 5.905489444732666
1888 6.297685146331787
1889 6.534587144851685
1890 6.690102577209473
1891 6.654836177825928
1892 6.575871467590332
1893 6.3898186683654785
1894 5.420097351074219
1895 5.819762229919434
1896 5.242872476577759
1897 5.414803743362427
1898 4.280063629150391
1899 3.780277729034424
1900 4.852300405502319
1901 3.902726888656616
1902 10.013477325439453
1903 7.584731817245483
1904 7.047372579574585
1905 5.613037109375
1906 6.172891616821289
1907 5.113456964492798
1908 4.832327842712402
1909 4.794195652008057
1910 4.155978441238403
1911 4.549694299697876
1912 4.685269355773926
1913 4.140147686004639
1914 4.593373775482178
1915 3.6520230770111084
1916 4.56998872756958
1917 3.896850109100342
1918 3.4368560314178467
1919 4.800250768661499
1920 4.592611312866211
1921 4.378702640533447
1922 4.79915189743042
1923 4.185697555541992
1924 5.268994092941284
1925 5.61439323425293
1926 5.568273544311523
1927 4.764538526535034
1928 5.639989852905273
1929 5.168775320053101
1930 3.6686129570007324
1931 3.3984124660491943
1932 2.8242287635803223
1933 2.9807064533233643
1934 3.4475388526916504
1935 2.573119640350342
1936 3.0775718688964844
1937 3.9588825702667236
1938 3.5949716567993164
1939 3.35310697555542
1940 3.615731716156006
1941 4.4967262744903564
1942 5.166975498199463
1943 4.338301420211792
1944 3.4121320247650146
1945 2.9738733768463135
1946 3.567553758621216
1947 3.5259592533111572
1948 3.3463048934936523
1949 4.913127660751343
1950 4.00044846534729
1951 3.0691399574279785
1952 2.5774714946746826
1953 2.687495231628418
1954 3.556518316268921
1955 3.5374391078948975
1956 3.67043399810791
1957 6.898081541061401
1958 4.795245170593262
1959 5.220567226409912
1960 4.668159008026123
1961 3.1257474422454834
1962 4.273768901824951
1963 5.369463920593262
1964 5.416743516921997
1965 4.745613098144531
1966 7.468461990356445
1967 7.882527828216553
1968 3.872788906097412
1969 3.217010021209717
1970 3.55195689201355
1971 4.542376279830933
1972 3.044395685195923
1973 9.698984384536743
1974 11.602132797241211
1975 6.71892786026001
1976 9.392988681793213
1977 10.485968112945557
1978 5.429438591003418
1979 3.5264525413513184
1980 4.970247983932495
1981 5.204998731613159
1982 10.756486177444458
1983 9.120153665542603
1984 8.047035932540894
1985 4.174184322357178
1986 3.4786581993103027
1987 4.397129535675049
1988 4.573258876800537
1989 5.350918769836426
1990 10.328766584396362
1991 16.01426362991333
1992 15.843899488449097
1993 15.996891021728516
1994 12.057164430618286
1995 14.325599670410156
1996 8.690036296844482
1997 15.512223243713379
1998 15.36796236038208
1999 16.917784214019775
2000 14.565337419509888
2001 16.49454951286316
2002 14.90986680984497
2003 13.432768106460571
2004 11.617852926254272
2005 11.540048837661743
2006 13.436549186706543
2007 13.618785619735718
2008 13.139089107513428
2009 11.597907543182373
2010 11.848993301391602
2011 11.725110530853271
2012 9.838998317718506
2013 9.183949708938599
2014 7.410391807556152
2015 9.316684484481812
2016 11.798117876052856
2017 10.20108151435852
2018 9.722577333450317
2019 8.701251983642578
2020 8.127695083618164
2021 8.668094873428345
2022 9.168055295944214
2023 8.784292697906494
2024 9.0613534450531
2025 8.931915283203125
2026 7.1987223625183105
2027 4.939157485961914
2028 10.086758136749268
2029 10.363255977630615
2030 9.67542052268982
2031 11.126241683959961
2032 9.430978059768677
2033 10.796113729476929
2034 11.120181560516357
2035 10.512325763702393
2036 8.477707624435425
2037 5.992351770401001
2038 3.9205093383789062
2039 4.508129358291626
2040 8.274268627166748
2041 8.576730728149414
2042 8.405664205551147
2043 8.502012968063354
2044 8.630816459655762
2045 10.19566035270691
2046 9.350451231002808
2047 10.903241634368896
2048 9.403135061264038
2049 10.787561893463135
2050 9.251473665237427
2051 13.746975898742676
2052 8.62214207649231
2053 9.14825177192688
2054 5.5531089305877686
2055 6.609707593917847
2056 6.303802251815796
2057 12.3434476852417
2058 7.472683429718018
2059 8.815773963928223
2060 9.190736770629883
2061 6.0006139278411865
2062 5.806718587875366
2063 6.665250778198242
2064 4.502405643463135
2065 3.7725400924682617
2066 4.749755382537842
2067 4.774229526519775
2068 4.285451173782349
2069 4.517297744750977
2070 3.385939121246338
2071 4.868845224380493
2072 5.145671129226685
2073 8.559923648834229
2074 5.3884100914001465
2075 3.909888744354248
2076 4.287842273712158
2077 4.857771158218384
2078 5.937089443206787
2079 4.3096911907196045
2080 5.731992959976196
2081 3.5358738899230957
2082 3.088677167892456
2083 3.2263224124908447
2084 3.5271527767181396
2085 6.300631761550903
2086 6.024907827377319
2087 6.388141632080078
2088 6.98986291885376
2089 7.616943120956421
2090 6.651763200759888
2091 8.521382570266724
2092 8.28618049621582
2093 5.989587068557739
2094 8.51803207397461
2095 8.88776969909668
2096 7.689557075500488
2097 7.979054927825928
2098 9.377572536468506
2099 12.530487537384033
2100 7.0395262241363525
2101 8.14962887763977
2102 11.555457592010498
2103 9.309834241867065
2104 6.9909348487854
2105 10.844335079193115
2106 11.23194694519043
2107 9.430076360702515
2108 11.831688642501831
2109 12.16347336769104
2110 10.517040252685547
2111 7.57013201713562
2112 6.107623100280762
2113 6.779607534408569
2114 5.716279029846191
2115 7.265338659286499
2116 9.627387046813965
2117 10.711413145065308
2118 10.30870246887207
2119 12.197159767150879
2120 15.399533748626709
2121 11.217195272445679
2122 12.018576622009277
2123 11.229689359664917
2124 11.909602165222168
2125 10.64719033241272
2126 18.064047813415527
2127 12.060286045074463
2128 12.243726968765259
2129 15.039376020431519
2130 19.045453310012817
2131 16.582914113998413
2132 5.899368047714233
2133 7.610782146453857
2134 10.846235990524292
2135 17.633800983428955
2136 18.175195455551147
2137 16.257287979125977
2138 27.850510597229004
2139 25.467450857162476
2140 20.14853072166443
2141 27.597601175308228
2142 23.94623064994812
2143 27.49432396888733
2144 29.74084711074829
2145 35.6758177280426
2146 39.63188123703003
2147 19.31627607345581
2148 46.291555643081665
2149 39.06065821647644
2150 44.63116526603699
2151 56.50226378440857
2152 48.05356431007385
2153 40.15801215171814
2154 17.068307161331177
2155 9.754112482070923
2156 9.06415581703186
2157 9.129477739334106
2158 9.449050664901733
2159 10.256844997406006
2160 8.984946012496948
2161 11.998101949691772
2162 8.417124509811401
2163 13.682672023773193
2164 11.995824098587036
2165 13.71406888961792
2166 20.91443181037903
2167 7.042519569396973
2168 6.5109641551971436
2169 6.356993198394775
2170 9.533833742141724
2171 8.291244506835938
2172 5.768343448638916
last line without comma
2173 6.207830905914307
Total time 14679.67079091072
